0 0.382970 0.164300 0.579328 0.083570
2 0.153550 0.242839 0.120487 0.079028
1 0.735574 0.167951 0.123481 0.081136
6 0.027586 0.826897 0.055172 0.075862
6 0.042069 0.447586 0.084138 0.106207
4 0.725659 0.387911 0.120284 0.069615
6 0.950710 0.488438 0.098580 0.076268
6 0.929412 0.849899 0.080325 0.091684
4 0.846045 0.389452 0.122921 0.068154
6 0.893853 0.064768 0.071964 0.053973
3 0.43125 0.465 0.465 0.075
3 0.42125 0.830417 0.46 0.0741667
3 0.425625 0.717917 0.46625 0.0758333
3 0.43625 0.382917 0.4675 0.0725
3 0.43125 0.55 0.465 0.075
3 0.430625 0.634167 0.46375 0.075