0 0.402174 0.181409 0.583120 0.098951
2 0.163526 0.256182 0.124354 0.080139
1 0.752624 0.192389 0.127736 0.082988
6 0.106724 0.955875 0.108621 0.070318
6 0.317241 0.947931 0.242069 0.069655
6 0.655517 0.958276 0.120000 0.071034
6 0.830345 0.968276 0.169655 0.062069
6 0.856972 0.071964 0.093553 0.095952
3 0.44375 0.484583 0.46 0.0808333
3 0.448125 0.400833 0.46375 0.0783333
3 0.409375 0.849167 0.46375 0.0816667
3 0.43125 0.569167 0.46 0.08
3 0.423125 0.735417 0.46125 0.0858333
3 0.428125 0.650833 0.45875 0.0783333