4 0.118020 0.578645 0.124680 0.071316
0 0.370977 0.198476 0.579444 0.093244
2 0.136003 0.275469 0.122283 0.080989
1 0.722453 0.207161 0.126705 0.079284
6 0.894182 0.684143 0.070972 0.401535
6 0.082069 0.926897 0.136552 0.055172
3 0.417732 0.417931 0.463555 0.077241
3 0.411738 0.501379 0.464354 0.084138
3 0.410000 0.585517 0.453103 0.081379
3 0.401724 0.671787 0.457241 0.080126
3 0.396553 0.756372 0.462756 0.078262
3 0.389279 0.867586 0.461318 0.080000
5 0.544118 0.512788 0.207161 0.061381
6 0.817406 0.093924 0.090640 0.084072