0 0.397531 0.149199 0.580451 0.082675
2 0.165837 0.231720 0.118120 0.077250
1 0.748638 0.153536 0.121761 0.079117
6 0.046147 0.625820 0.092294 0.062938
6 0.025714 0.920716 0.051428 0.066496
6 0.010703 0.801790 0.021406 0.038363
6 0.512414 0.919604 0.873103 0.098966
3 0.452649 0.370667 0.458840 0.069700
3 0.452339 0.453056 0.459161 0.067682
3 0.451379 0.536806 0.457241 0.068387
6 0.625172 0.622069 0.088966 0.066207
3 0.449853 0.621838 0.462465 0.069428
3 0.446210 0.705827 0.459305 0.068387
3 0.444341 0.816377 0.458904 0.069315
6 0.876762 0.048276 0.062969 0.065367